
   Stats |     ROA       FAR       ALT      SIZE        OC       GOI
---------+------------------------------------------------------------
       N |     20273     20273     20273     20273     20273     20273
    Mean |  .0575279  .2523731  .3812918  22.03848  59.24115  .1610142
     Max |   .280017  .8482283  .9164136  27.29858   95.5062  2.486204
      SD |  .0788818  .1539252  .1885272  1.175818  14.78531  .3465235
     p75 |   .096615  .3371331   .518268  22.69339   71.0413   .266445
     p50 |   .055217  .2159188   .369389  21.87896   60.1705   .108587
     p25 |   .021914  .1356146   .228755   21.1971   48.4499  -.020117
      p1 |  -.288825  .0374203  .0591508  19.96617   25.0737  -.471271
     Min |  -.288825  .0308837  .0280933  19.31177   22.1475  -.532118
----------------------------------------------------------------------
